x-axis	ch2
-2.50000000E-01	5.121E-01
-2.49500000E-01	5.123E-01
-2.49000000E-01	5.123E-01
-2.48500000E-01	5.123E-01
-2.48000000E-01	5.123E-01
-2.47500000E-01	5.123E-01
-2.47000000E-01	5.123E-01
-2.46500000E-01	5.121E-01
-2.46000000E-01	5.121E-01
-2.45500000E-01	5.121E-01
-2.45000000E-01	5.119E-01
-2.44500000E-01	5.119E-01
-2.44000000E-01	5.117E-01
-2.43500000E-01	5.117E-01
-2.43000000E-01	5.117E-01
-2.42500000E-01	5.115E-01
-2.42000000E-01	5.115E-01
-2.41500000E-01	5.113E-01
-2.41000000E-01	5.113E-01
-2.40500000E-01	5.111E-01
-2.40000000E-01	5.111E-01
-2.39500000E-01	5.109E-01
-2.39000000E-01	5.109E-01
-2.38500000E-01	5.107E-01
-2.38000000E-01	5.105E-01
-2.37500000E-01	5.105E-01
-2.37000000E-01	5.104E-01
-2.36500000E-01	5.104E-01
-2.36000000E-01	5.102E-01
-2.35500000E-01	5.102E-01
-2.35000000E-01	5.100E-01
-2.34500000E-01	5.098E-01
-2.34000000E-01	5.098E-01
-2.33500000E-01	5.096E-01
-2.33000000E-01	5.094E-01
-2.32500000E-01	5.092E-01
-2.32000000E-01	5.090E-01
-2.31500000E-01	5.088E-01
-2.31000000E-01	5.086E-01
-2.30500000E-01	5.086E-01
-2.30000000E-01	5.084E-01
-2.29500000E-01	5.082E-01
-2.29000000E-01	5.080E-01
-2.28500000E-01	5.078E-01
-2.28000000E-01	5.076E-01
-2.27500000E-01	5.074E-01
-2.27000000E-01	5.072E-01
-2.26500000E-01	5.070E-01
-2.26000000E-01	5.068E-01
-2.25500000E-01	5.064E-01
-2.25000000E-01	5.062E-01
-2.24500000E-01	5.061E-01
-2.24000000E-01	5.057E-01
-2.23500000E-01	5.055E-01
-2.23000000E-01	5.051E-01
-2.22500000E-01	5.049E-01
-2.22000000E-01	5.045E-01
-2.21500000E-01	5.043E-01
-2.21000000E-01	5.039E-01
-2.20500000E-01	5.037E-01
-2.20000000E-01	5.033E-01
-2.19500000E-01	5.027E-01
-2.19000000E-01	5.025E-01
-2.18500000E-01	5.021E-01
-2.18000000E-01	5.018E-01
-2.17500000E-01	5.014E-01
-2.17000000E-01	5.010E-01
-2.16500000E-01	5.006E-01
-2.16000000E-01	5.002E-01
-2.15500000E-01	4.998E-01
-2.15000000E-01	4.994E-01
-2.14500000E-01	4.988E-01
-2.14000000E-01	4.984E-01
-2.13500000E-01	4.979E-01
-2.13000000E-01	4.975E-01
-2.12500000E-01	4.969E-01
-2.12000000E-01	4.965E-01
-2.11500000E-01	4.959E-01
-2.11000000E-01	4.953E-01
-2.10500000E-01	4.947E-01
-2.10000000E-01	4.941E-01
-2.09500000E-01	4.936E-01
-2.09000000E-01	4.930E-01
-2.08500000E-01	4.922E-01
-2.08000000E-01	4.916E-01
-2.07500000E-01	4.910E-01
-2.07000000E-01	4.902E-01
-2.06500000E-01	4.895E-01
-2.06000000E-01	4.889E-01
-2.05500000E-01	4.881E-01
-2.05000000E-01	4.873E-01
-2.04500000E-01	4.865E-01
-2.04000000E-01	4.857E-01
-2.03500000E-01	4.852E-01
-2.03000000E-01	4.844E-01
-2.02500000E-01	4.836E-01
-2.02000000E-01	4.824E-01
-2.01500000E-01	4.816E-01
-2.01000000E-01	4.807E-01
-2.00500000E-01	4.797E-01
-2.00000000E-01	4.787E-01
-1.99500000E-01	4.777E-01
-1.99000000E-01	4.768E-01
-1.98500000E-01	4.758E-01
-1.98000000E-01	4.748E-01
-1.97500000E-01	4.738E-01
-1.97000000E-01	4.727E-01
-1.96500000E-01	4.715E-01
-1.96000000E-01	4.705E-01
-1.95500000E-01	4.691E-01
-1.95000000E-01	4.680E-01
-1.94500000E-01	4.670E-01
-1.94000000E-01	4.658E-01
-1.93500000E-01	4.646E-01
-1.93000000E-01	4.633E-01
-1.92500000E-01	4.619E-01
-1.92000000E-01	4.607E-01
-1.91500000E-01	4.592E-01
-1.91000000E-01	4.576E-01
-1.90500000E-01	4.564E-01
-1.90000000E-01	4.551E-01
-1.89500000E-01	4.535E-01
-1.89000000E-01	4.521E-01
-1.88500000E-01	4.508E-01
-1.88000000E-01	4.492E-01
-1.87500000E-01	4.480E-01
-1.87000000E-01	4.465E-01
-1.86500000E-01	4.451E-01
-1.86000000E-01	4.436E-01
-1.85500000E-01	4.420E-01
-1.85000000E-01	4.404E-01
-1.84500000E-01	4.387E-01
-1.84000000E-01	4.371E-01
-1.83500000E-01	4.352E-01
-1.83000000E-01	4.336E-01
-1.82500000E-01	4.318E-01
-1.82000000E-01	4.301E-01
-1.81500000E-01	4.283E-01
-1.81000000E-01	4.268E-01
-1.80500000E-01	4.250E-01
-1.80000000E-01	4.232E-01
-1.79500000E-01	4.213E-01
-1.79000000E-01	4.193E-01
-1.78500000E-01	4.176E-01
-1.78000000E-01	4.156E-01
-1.77500000E-01	4.137E-01
-1.77000000E-01	4.117E-01
-1.76500000E-01	4.098E-01
-1.76000000E-01	4.080E-01
-1.75500000E-01	4.059E-01
-1.75000000E-01	4.039E-01
-1.74500000E-01	4.020E-01
-1.74000000E-01	4.000E-01
-1.73500000E-01	3.980E-01
-1.73000000E-01	3.961E-01
-1.72500000E-01	3.939E-01
-1.72000000E-01	3.918E-01
-1.71500000E-01	3.898E-01
-1.71000000E-01	3.875E-01
-1.70500000E-01	3.855E-01
-1.70000000E-01	3.834E-01
-1.69500000E-01	3.811E-01
-1.69000000E-01	3.789E-01
-1.68500000E-01	3.768E-01
-1.68000000E-01	3.746E-01
-1.67500000E-01	3.727E-01
-1.67000000E-01	3.705E-01
-1.66500000E-01	3.684E-01
-1.66000000E-01	3.666E-01
-1.65500000E-01	3.643E-01
-1.65000000E-01	3.621E-01
-1.64500000E-01	3.600E-01
-1.64000000E-01	3.576E-01
-1.63500000E-01	3.553E-01
-1.63000000E-01	3.533E-01
-1.62500000E-01	3.512E-01
-1.62000000E-01	3.490E-01
-1.61500000E-01	3.471E-01
-1.61000000E-01	3.449E-01
-1.60500000E-01	3.426E-01
-1.60000000E-01	3.406E-01
-1.59500000E-01	3.385E-01
-1.59000000E-01	3.361E-01
-1.58500000E-01	3.338E-01
-1.58000000E-01	3.318E-01
-1.57500000E-01	3.297E-01
-1.57000000E-01	3.275E-01
-1.56500000E-01	3.256E-01
-1.56000000E-01	3.234E-01
-1.55500000E-01	3.213E-01
-1.55000000E-01	3.193E-01
-1.54500000E-01	3.170E-01
-1.54000000E-01	3.150E-01
-1.53500000E-01	3.127E-01
-1.53000000E-01	3.107E-01
-1.52500000E-01	3.082E-01
-1.52000000E-01	3.062E-01
-1.51500000E-01	3.041E-01
-1.51000000E-01	3.020E-01
-1.50500000E-01	2.998E-01
-1.50000000E-01	2.979E-01
-1.49500000E-01	2.957E-01
-1.49000000E-01	2.938E-01
-1.48500000E-01	2.918E-01
-1.48000000E-01	2.898E-01
-1.47500000E-01	2.877E-01
-1.47000000E-01	2.855E-01
-1.46500000E-01	2.836E-01
-1.46000000E-01	2.818E-01
-1.45500000E-01	2.799E-01
-1.45000000E-01	2.779E-01
-1.44500000E-01	2.758E-01
-1.44000000E-01	2.738E-01
-1.43500000E-01	2.719E-01
-1.43000000E-01	2.697E-01
-1.42500000E-01	2.678E-01
-1.42000000E-01	2.658E-01
-1.41500000E-01	2.637E-01
-1.41000000E-01	2.617E-01
-1.40500000E-01	2.598E-01
-1.40000000E-01	2.578E-01
-1.39500000E-01	2.561E-01
-1.39000000E-01	2.539E-01
-1.38500000E-01	2.518E-01
-1.38000000E-01	2.500E-01
-1.37500000E-01	2.480E-01
-1.37000000E-01	2.461E-01
-1.36500000E-01	2.441E-01
-1.36000000E-01	2.424E-01
-1.35500000E-01	2.404E-01
-1.35000000E-01	2.387E-01
-1.34500000E-01	2.365E-01
-1.34000000E-01	2.350E-01
-1.33500000E-01	2.330E-01
-1.33000000E-01	2.313E-01
-1.32500000E-01	2.293E-01
-1.32000000E-01	2.277E-01
-1.31500000E-01	2.260E-01
-1.31000000E-01	2.240E-01
-1.30500000E-01	2.225E-01
-1.30000000E-01	2.207E-01
-1.29500000E-01	2.191E-01
-1.29000000E-01	2.174E-01
-1.28500000E-01	2.156E-01
-1.28000000E-01	2.137E-01
-1.27500000E-01	2.119E-01
-1.27000000E-01	2.102E-01
-1.26500000E-01	2.086E-01
-1.26000000E-01	2.070E-01
-1.25500000E-01	2.055E-01
-1.25000000E-01	2.039E-01
-1.24500000E-01	2.023E-01
-1.24000000E-01	2.006E-01
-1.23500000E-01	1.990E-01
-1.23000000E-01	1.975E-01
-1.22500000E-01	1.959E-01
-1.22000000E-01	1.943E-01
-1.21500000E-01	1.928E-01
-1.21000000E-01	1.912E-01
-1.20500000E-01	1.895E-01
-1.20000000E-01	1.877E-01
-1.19500000E-01	1.861E-01
-1.19000000E-01	1.846E-01
-1.18500000E-01	1.832E-01
-1.18000000E-01	1.816E-01
-1.17500000E-01	1.803E-01
-1.17000000E-01	1.787E-01
-1.16500000E-01	1.771E-01
-1.16000000E-01	1.756E-01
-1.15500000E-01	1.742E-01
-1.15000000E-01	1.727E-01
-1.14500000E-01	1.713E-01
-1.14000000E-01	1.697E-01
-1.13500000E-01	1.684E-01
-1.13000000E-01	1.670E-01
-1.12500000E-01	1.656E-01
-1.12000000E-01	1.641E-01
-1.11500000E-01	1.627E-01
-1.11000000E-01	1.615E-01
-1.10500000E-01	1.602E-01
-1.10000000E-01	1.588E-01
-1.09500000E-01	1.574E-01
-1.09000000E-01	1.563E-01
-1.08500000E-01	1.549E-01
-1.08000000E-01	1.535E-01
-1.07500000E-01	1.521E-01
-1.07000000E-01	1.508E-01
-1.06500000E-01	1.494E-01
-1.06000000E-01	1.482E-01
-1.05500000E-01	1.471E-01
-1.05000000E-01	1.457E-01
-1.04500000E-01	1.445E-01
-1.04000000E-01	1.432E-01
-1.03500000E-01	1.422E-01
-1.03000000E-01	1.410E-01
-1.02500000E-01	1.398E-01
-1.02000000E-01	1.385E-01
-1.01500000E-01	1.373E-01
-1.01000000E-01	1.363E-01
-1.00500000E-01	1.354E-01
-1.00000000E-01	1.342E-01
-9.95000000E-02	1.330E-01
-9.90000000E-02	1.320E-01
-9.85000000E-02	1.309E-01
-9.80000000E-02	1.295E-01
-9.75000000E-02	1.285E-01
-9.70000000E-02	1.275E-01
-9.65000000E-02	1.264E-01
-9.60000000E-02	1.252E-01
-9.55000000E-02	1.242E-01
-9.50000000E-02	1.230E-01
-9.45000000E-02	1.221E-01
-9.40000000E-02	1.211E-01
-9.35000000E-02	1.201E-01
-9.30000000E-02	1.189E-01
-9.25000000E-02	1.180E-01
-9.20000000E-02	1.170E-01
-9.15000000E-02	1.160E-01
-9.10000000E-02	1.150E-01
-9.05000000E-02	1.141E-01
-9.00000000E-02	1.131E-01
-8.95000000E-02	1.121E-01
-8.90000000E-02	1.111E-01
-8.85000000E-02	1.102E-01
-8.80000000E-02	1.090E-01
-8.75000000E-02	1.082E-01
-8.70000000E-02	1.070E-01
-8.65000000E-02	1.063E-01
-8.60000000E-02	1.053E-01
-8.55000000E-02	1.043E-01
-8.50000000E-02	1.035E-01
-8.45000000E-02	1.027E-01
-8.40000000E-02	1.018E-01
-8.35000000E-02	1.008E-01
-8.30000000E-02	1.000E-01
-8.25000000E-02	9.922E-02
-8.20000000E-02	9.824E-02
-8.15000000E-02	9.746E-02
-8.10000000E-02	9.648E-02
-8.05000000E-02	9.570E-02
-8.00000000E-02	9.492E-02
-7.95000000E-02	9.395E-02
-7.90000000E-02	9.297E-02
-7.85000000E-02	9.219E-02
-7.80000000E-02	9.141E-02
-7.75000000E-02	9.063E-02
-7.70000000E-02	8.984E-02
-7.65000000E-02	8.906E-02
-7.60000000E-02	8.848E-02
-7.55000000E-02	8.770E-02
-7.50000000E-02	8.691E-02
-7.45000000E-02	8.613E-02
-7.40000000E-02	8.535E-02
-7.35000000E-02	8.457E-02
-7.30000000E-02	8.379E-02
-7.25000000E-02	8.320E-02
-7.20000000E-02	8.242E-02
-7.15000000E-02	8.184E-02
-7.10000000E-02	8.105E-02
-7.05000000E-02	8.027E-02
-7.00000000E-02	7.969E-02
-6.95000000E-02	7.891E-02
-6.90000000E-02	7.832E-02
-6.85000000E-02	7.754E-02
-6.80000000E-02	7.676E-02
-6.75000000E-02	7.617E-02
-6.70000000E-02	7.539E-02
-6.65000000E-02	7.480E-02
-6.60000000E-02	7.402E-02
-6.55000000E-02	7.344E-02
-6.50000000E-02	7.285E-02
-6.45000000E-02	7.227E-02
-6.40000000E-02	7.148E-02
-6.35000000E-02	7.090E-02
-6.30000000E-02	7.031E-02
-6.25000000E-02	6.973E-02
-6.20000000E-02	6.914E-02
-6.15000000E-02	6.855E-02
-6.10000000E-02	6.797E-02
-6.05000000E-02	6.738E-02
-6.00000000E-02	6.680E-02
-5.95000000E-02	6.621E-02
-5.90000000E-02	6.563E-02
-5.85000000E-02	6.523E-02
-5.80000000E-02	6.445E-02
-5.75000000E-02	6.406E-02
-5.70000000E-02	6.348E-02
-5.65000000E-02	6.289E-02
-5.60000000E-02	6.230E-02
-5.55000000E-02	6.191E-02
-5.50000000E-02	6.133E-02
-5.45000000E-02	6.094E-02
-5.40000000E-02	6.035E-02
-5.35000000E-02	5.996E-02
-5.30000000E-02	5.957E-02
-5.25000000E-02	5.898E-02
-5.20000000E-02	5.859E-02
-5.15000000E-02	5.801E-02
-5.10000000E-02	5.762E-02
-5.05000000E-02	5.723E-02
-5.00000000E-02	5.664E-02
-4.95000000E-02	5.625E-02
-4.90000000E-02	5.586E-02
-4.85000000E-02	5.527E-02
-4.80000000E-02	5.488E-02
-4.75000000E-02	5.449E-02
-4.70000000E-02	5.410E-02
-4.65000000E-02	5.371E-02
-4.60000000E-02	5.332E-02
-4.55000000E-02	5.293E-02
-4.50000000E-02	5.254E-02
-4.45000000E-02	5.215E-02
-4.40000000E-02	5.176E-02
-4.35000000E-02	5.137E-02
-4.30000000E-02	5.117E-02
-4.25000000E-02	5.059E-02
-4.20000000E-02	5.039E-02
-4.15000000E-02	5.000E-02
-4.10000000E-02	4.961E-02
-4.05000000E-02	4.922E-02
-4.00000000E-02	4.883E-02
-3.95000000E-02	4.863E-02
-3.90000000E-02	4.824E-02
-3.85000000E-02	4.785E-02
-3.80000000E-02	4.746E-02
-3.75000000E-02	4.727E-02
-3.70000000E-02	4.688E-02
-3.65000000E-02	4.668E-02
-3.60000000E-02	4.629E-02
-3.55000000E-02	4.590E-02
-3.50000000E-02	4.570E-02
-3.45000000E-02	4.531E-02
-3.40000000E-02	4.492E-02
-3.35000000E-02	4.473E-02
-3.30000000E-02	4.434E-02
-3.25000000E-02	4.414E-02
-3.20000000E-02	4.395E-02
-3.15000000E-02	4.355E-02
-3.10000000E-02	4.336E-02
-3.05000000E-02	4.316E-02
-3.00000000E-02	4.277E-02
-2.95000000E-02	4.258E-02
-2.90000000E-02	4.238E-02
-2.85000000E-02	4.219E-02
-2.80000000E-02	4.180E-02
-2.75000000E-02	4.160E-02
-2.70000000E-02	4.141E-02
-2.65000000E-02	4.121E-02
-2.60000000E-02	4.102E-02
-2.55000000E-02	4.063E-02
-2.50000000E-02	4.043E-02
-2.45000000E-02	4.023E-02
-2.40000000E-02	4.023E-02
-2.35000000E-02	3.984E-02
-2.30000000E-02	3.965E-02
-2.25000000E-02	3.945E-02
-2.20000000E-02	3.926E-02
-2.15000000E-02	3.906E-02
-2.10000000E-02	3.887E-02
-2.05000000E-02	3.867E-02
-2.00000000E-02	3.848E-02
-1.95000000E-02	3.828E-02
-1.90000000E-02	3.809E-02
-1.85000000E-02	3.789E-02
-1.80000000E-02	3.770E-02
-1.75000000E-02	3.750E-02
-1.70000000E-02	3.730E-02
-1.65000000E-02	3.711E-02
-1.60000000E-02	3.691E-02
-1.55000000E-02	3.672E-02
-1.50000000E-02	3.672E-02
-1.45000000E-02	3.652E-02
-1.40000000E-02	3.633E-02
-1.35000000E-02	3.613E-02
-1.30000000E-02	3.613E-02
-1.25000000E-02	3.594E-02
-1.20000000E-02	3.574E-02
-1.15000000E-02	3.574E-02
-1.10000000E-02	3.555E-02
-1.05000000E-02	3.535E-02
-1.00000000E-02	3.516E-02
-9.50000000E-03	3.516E-02
-9.00000000E-03	3.496E-02
-8.50000000E-03	3.496E-02
-8.00000000E-03	3.477E-02
-7.50000000E-03	3.457E-02
-7.00000000E-03	3.438E-02
-6.50000000E-03	3.438E-02
-6.00000000E-03	3.418E-02
-5.50000000E-03	3.418E-02
-5.00000000E-03	3.398E-02
-4.50000000E-03	3.379E-02
-4.00000000E-03	3.379E-02
-3.50000000E-03	3.359E-02
-3.00000000E-03	3.359E-02
-2.50000000E-03	3.340E-02
-2.00000000E-03	3.340E-02
-1.50000000E-03	3.320E-02
-1.00000000E-03	3.320E-02
-5.00000000E-04	3.301E-02
5.20417043E-18	3.301E-02
5.00000000E-04	3.281E-02
1.00000000E-03	3.281E-02
1.50000000E-03	3.281E-02
2.00000000E-03	3.262E-02
2.50000000E-03	3.262E-02
3.00000000E-03	3.242E-02
3.50000000E-03	3.242E-02
4.00000000E-03	3.223E-02
4.50000000E-03	3.223E-02
5.00000000E-03	3.223E-02
5.50000000E-03	3.223E-02
6.00000000E-03	3.203E-02
6.50000000E-03	3.184E-02
7.00000000E-03	3.184E-02
7.50000000E-03	3.184E-02
8.00000000E-03	3.164E-02
8.50000000E-03	3.164E-02
9.00000000E-03	3.164E-02
9.50000000E-03	3.145E-02
1.00000000E-02	3.145E-02
1.05000000E-02	3.145E-02
1.10000000E-02	3.125E-02
1.15000000E-02	3.125E-02
1.20000000E-02	3.105E-02
1.25000000E-02	3.105E-02
1.30000000E-02	3.105E-02
1.35000000E-02	3.086E-02
1.40000000E-02	3.086E-02
1.45000000E-02	3.086E-02
1.50000000E-02	3.086E-02
1.55000000E-02	3.066E-02
1.60000000E-02	3.066E-02
1.65000000E-02	3.066E-02
1.70000000E-02	3.066E-02
1.75000000E-02	3.047E-02
1.80000000E-02	3.047E-02
1.85000000E-02	3.047E-02
1.90000000E-02	3.047E-02
1.95000000E-02	3.027E-02
2.00000000E-02	3.027E-02
2.05000000E-02	3.027E-02
2.10000000E-02	3.027E-02
2.15000000E-02	3.027E-02
2.20000000E-02	3.008E-02
2.25000000E-02	3.008E-02
2.30000000E-02	3.008E-02
2.35000000E-02	3.008E-02
2.40000000E-02	3.008E-02
2.45000000E-02	2.988E-02
2.50000000E-02	2.988E-02
2.55000000E-02	2.988E-02
2.60000000E-02	2.988E-02
2.65000000E-02	2.969E-02
2.70000000E-02	2.969E-02
2.75000000E-02	2.969E-02
2.80000000E-02	2.969E-02
2.85000000E-02	2.969E-02
2.90000000E-02	2.969E-02
2.95000000E-02	2.949E-02
3.00000000E-02	2.949E-02
3.05000000E-02	2.949E-02
3.10000000E-02	2.949E-02
3.15000000E-02	2.949E-02
3.20000000E-02	2.949E-02
3.25000000E-02	2.949E-02
3.30000000E-02	2.949E-02
3.35000000E-02	2.949E-02
3.40000000E-02	2.930E-02
3.45000000E-02	2.930E-02
3.50000000E-02	2.930E-02
3.55000000E-02	2.930E-02
3.60000000E-02	2.930E-02
3.65000000E-02	2.930E-02
3.70000000E-02	2.910E-02
3.75000000E-02	2.910E-02
3.80000000E-02	2.910E-02
3.85000000E-02	2.910E-02
3.90000000E-02	2.910E-02
3.95000000E-02	2.910E-02
4.00000000E-02	2.910E-02
4.05000000E-02	2.910E-02
4.10000000E-02	2.910E-02
4.15000000E-02	2.910E-02
4.20000000E-02	2.910E-02
4.25000000E-02	2.891E-02
4.30000000E-02	2.891E-02
4.35000000E-02	2.891E-02
4.40000000E-02	2.891E-02
4.45000000E-02	2.891E-02
4.50000000E-02	2.891E-02
4.55000000E-02	2.891E-02
4.60000000E-02	2.891E-02
4.65000000E-02	2.891E-02
4.70000000E-02	2.891E-02
4.75000000E-02	2.891E-02
4.80000000E-02	2.891E-02
4.85000000E-02	2.891E-02
4.90000000E-02	2.891E-02
4.95000000E-02	2.891E-02
5.00000000E-02	2.891E-02
5.05000000E-02	2.891E-02
5.10000000E-02	2.891E-02
5.15000000E-02	2.891E-02
5.20000000E-02	2.891E-02
5.25000000E-02	2.891E-02
5.30000000E-02	2.891E-02
5.35000000E-02	2.891E-02
5.40000000E-02	2.891E-02
5.45000000E-02	2.891E-02
5.50000000E-02	2.891E-02
5.55000000E-02	2.891E-02
5.60000000E-02	2.891E-02
5.65000000E-02	2.891E-02
5.70000000E-02	2.891E-02
5.75000000E-02	2.891E-02
5.80000000E-02	2.891E-02
5.85000000E-02	2.891E-02
5.90000000E-02	2.891E-02
5.95000000E-02	2.891E-02
6.00000000E-02	2.891E-02
6.05000000E-02	2.891E-02
6.10000000E-02	2.891E-02
6.15000000E-02	2.891E-02
6.20000000E-02	2.891E-02
6.25000000E-02	2.910E-02
6.30000000E-02	2.891E-02
6.35000000E-02	2.910E-02
6.40000000E-02	2.910E-02
6.45000000E-02	2.910E-02
6.50000000E-02	2.910E-02
6.55000000E-02	2.910E-02
6.60000000E-02	2.910E-02
6.65000000E-02	2.910E-02
6.70000000E-02	2.910E-02
6.75000000E-02	2.910E-02
6.80000000E-02	2.930E-02
6.85000000E-02	2.930E-02
6.90000000E-02	2.930E-02
6.95000000E-02	2.930E-02
7.00000000E-02	2.930E-02
7.05000000E-02	2.949E-02
7.10000000E-02	2.949E-02
7.15000000E-02	2.949E-02
7.20000000E-02	2.949E-02
7.25000000E-02	2.949E-02
7.30000000E-02	2.969E-02
7.35000000E-02	2.969E-02
7.40000000E-02	2.969E-02
7.45000000E-02	2.988E-02
7.50000000E-02	2.988E-02
7.55000000E-02	2.988E-02
7.60000000E-02	2.988E-02
7.65000000E-02	3.008E-02
7.70000000E-02	3.008E-02
7.75000000E-02	3.008E-02
7.80000000E-02	3.027E-02
7.85000000E-02	3.027E-02
7.90000000E-02	3.027E-02
7.95000000E-02	3.047E-02
8.00000000E-02	3.047E-02
8.05000000E-02	3.047E-02
8.10000000E-02	3.066E-02
8.15000000E-02	3.066E-02
8.20000000E-02	3.086E-02
8.25000000E-02	3.105E-02
8.30000000E-02	3.105E-02
8.35000000E-02	3.105E-02
8.40000000E-02	3.125E-02
8.45000000E-02	3.125E-02
8.50000000E-02	3.145E-02
8.55000000E-02	3.164E-02
8.60000000E-02	3.164E-02
8.65000000E-02	3.184E-02
8.70000000E-02	3.203E-02
8.75000000E-02	3.223E-02
8.80000000E-02	3.223E-02
8.85000000E-02	3.242E-02
8.90000000E-02	3.262E-02
8.95000000E-02	3.281E-02
9.00000000E-02	3.301E-02
9.05000000E-02	3.320E-02
9.10000000E-02	3.340E-02
9.15000000E-02	3.359E-02
9.20000000E-02	3.379E-02
9.25000000E-02	3.398E-02
9.30000000E-02	3.418E-02
9.35000000E-02	3.438E-02
9.40000000E-02	3.477E-02
9.45000000E-02	3.496E-02
9.50000000E-02	3.516E-02
9.55000000E-02	3.555E-02
9.60000000E-02	3.574E-02
9.65000000E-02	3.613E-02
9.70000000E-02	3.633E-02
9.75000000E-02	3.672E-02
9.80000000E-02	3.711E-02
9.85000000E-02	3.750E-02
9.90000000E-02	3.770E-02
9.95000000E-02	3.809E-02
1.00000000E-01	3.867E-02
1.00500000E-01	3.906E-02
1.01000000E-01	3.965E-02
1.01500000E-01	4.004E-02
1.02000000E-01	4.043E-02
1.02500000E-01	4.102E-02
1.03000000E-01	4.141E-02
1.03500000E-01	4.199E-02
1.04000000E-01	4.258E-02
1.04500000E-01	4.316E-02
1.05000000E-01	4.375E-02
1.05500000E-01	4.453E-02
1.06000000E-01	4.512E-02
1.06500000E-01	4.590E-02
1.07000000E-01	4.648E-02
1.07500000E-01	4.727E-02
1.08000000E-01	4.824E-02
1.08500000E-01	4.902E-02
1.09000000E-01	4.980E-02
1.09500000E-01	5.078E-02
1.10000000E-01	5.176E-02
1.10500000E-01	5.273E-02
1.11000000E-01	5.371E-02
1.11500000E-01	5.488E-02
1.12000000E-01	5.605E-02
1.12500000E-01	5.703E-02
1.13000000E-01	5.820E-02
1.13500000E-01	5.957E-02
1.14000000E-01	6.074E-02
1.14500000E-01	6.211E-02
1.15000000E-01	6.348E-02
1.15500000E-01	6.504E-02
1.16000000E-01	6.660E-02
1.16500000E-01	6.797E-02
1.17000000E-01	6.953E-02
1.17500000E-01	7.129E-02
1.18000000E-01	7.324E-02
1.18500000E-01	7.520E-02
1.19000000E-01	7.676E-02
1.19500000E-01	7.891E-02
1.20000000E-01	8.086E-02
1.20500000E-01	8.281E-02
1.21000000E-01	8.477E-02
1.21500000E-01	8.691E-02
1.22000000E-01	8.906E-02
1.22500000E-01	9.141E-02
1.23000000E-01	9.395E-02
1.23500000E-01	9.648E-02
1.24000000E-01	9.883E-02
1.24500000E-01	1.016E-01
1.25000000E-01	1.043E-01
1.25500000E-01	1.072E-01
1.26000000E-01	1.100E-01
1.26500000E-01	1.127E-01
1.27000000E-01	1.158E-01
1.27500000E-01	1.182E-01
1.28000000E-01	1.219E-01
1.28500000E-01	1.250E-01
1.29000000E-01	1.277E-01
1.29500000E-01	1.309E-01
1.30000000E-01	1.344E-01
1.30500000E-01	1.377E-01
1.31000000E-01	1.414E-01
1.31500000E-01	1.449E-01
1.32000000E-01	1.490E-01
1.32500000E-01	1.525E-01
1.33000000E-01	1.563E-01
1.33500000E-01	1.604E-01
1.34000000E-01	1.641E-01
1.34500000E-01	1.682E-01
1.35000000E-01	1.721E-01
1.35500000E-01	1.758E-01
1.36000000E-01	1.799E-01
1.36500000E-01	1.844E-01
1.37000000E-01	1.883E-01
1.37500000E-01	1.930E-01
1.38000000E-01	1.973E-01
1.38500000E-01	2.018E-01
1.39000000E-01	2.063E-01
1.39500000E-01	2.104E-01
1.40000000E-01	2.150E-01
1.40500000E-01	2.193E-01
1.41000000E-01	2.242E-01
1.41500000E-01	2.283E-01
1.42000000E-01	2.328E-01
1.42500000E-01	2.375E-01
1.43000000E-01	2.416E-01
1.43500000E-01	2.463E-01
1.44000000E-01	2.508E-01
1.44500000E-01	2.555E-01
1.45000000E-01	2.605E-01
1.45500000E-01	2.648E-01
1.46000000E-01	2.689E-01
1.46500000E-01	2.738E-01
1.47000000E-01	2.785E-01
1.47500000E-01	2.828E-01
1.48000000E-01	2.869E-01
1.48500000E-01	2.918E-01
1.49000000E-01	2.965E-01
1.49500000E-01	3.010E-01
1.50000000E-01	3.055E-01
1.50500000E-01	3.100E-01
1.51000000E-01	3.141E-01
1.51500000E-01	3.182E-01
1.52000000E-01	3.223E-01
1.52500000E-01	3.268E-01
1.53000000E-01	3.309E-01
1.53500000E-01	3.348E-01
1.54000000E-01	3.391E-01
1.54500000E-01	3.430E-01
1.55000000E-01	3.471E-01
1.55500000E-01	3.508E-01
1.56000000E-01	3.545E-01
1.56500000E-01	3.584E-01
1.57000000E-01	3.621E-01
1.57500000E-01	3.656E-01
1.58000000E-01	3.691E-01
1.58500000E-01	3.725E-01
1.59000000E-01	3.764E-01
1.59500000E-01	3.799E-01
1.60000000E-01	3.832E-01
1.60500000E-01	3.863E-01
1.61000000E-01	3.900E-01
1.61500000E-01	3.930E-01
1.62000000E-01	3.963E-01
1.62500000E-01	3.990E-01
1.63000000E-01	4.020E-01
1.63500000E-01	4.049E-01
1.64000000E-01	4.078E-01
1.64500000E-01	4.107E-01
1.65000000E-01	4.131E-01
1.65500000E-01	4.156E-01
1.66000000E-01	4.184E-01
1.66500000E-01	4.207E-01
1.67000000E-01	4.232E-01
1.67500000E-01	4.254E-01
1.68000000E-01	4.279E-01
1.68500000E-01	4.301E-01
1.69000000E-01	4.322E-01
1.69500000E-01	4.342E-01
1.70000000E-01	4.361E-01
1.70500000E-01	4.383E-01
1.71000000E-01	4.402E-01
1.71500000E-01	4.420E-01
1.72000000E-01	4.439E-01
1.72500000E-01	4.455E-01
1.73000000E-01	4.471E-01
1.73500000E-01	4.488E-01
1.74000000E-01	4.504E-01
1.74500000E-01	4.520E-01
1.75000000E-01	4.535E-01
1.75500000E-01	4.551E-01
1.76000000E-01	4.564E-01
1.76500000E-01	4.580E-01
1.77000000E-01	4.594E-01
1.77500000E-01	4.607E-01
1.78000000E-01	4.617E-01
1.78500000E-01	4.631E-01
1.79000000E-01	4.643E-01
1.79500000E-01	4.656E-01
1.80000000E-01	4.666E-01
1.80500000E-01	4.678E-01
1.81000000E-01	4.689E-01
1.81500000E-01	4.699E-01
1.82000000E-01	4.709E-01
1.82500000E-01	4.719E-01
1.83000000E-01	4.729E-01
1.83500000E-01	4.736E-01
1.84000000E-01	4.744E-01
1.84500000E-01	4.754E-01
1.85000000E-01	4.762E-01
1.85500000E-01	4.770E-01
1.86000000E-01	4.777E-01
1.86500000E-01	4.785E-01
1.87000000E-01	4.793E-01
1.87500000E-01	4.799E-01
1.88000000E-01	4.807E-01
1.88500000E-01	4.814E-01
1.89000000E-01	4.820E-01
1.89500000E-01	4.826E-01
1.90000000E-01	4.832E-01
1.90500000E-01	4.840E-01
1.91000000E-01	4.846E-01
1.91500000E-01	4.850E-01
1.92000000E-01	4.855E-01
1.92500000E-01	4.859E-01
1.93000000E-01	4.865E-01
1.93500000E-01	4.869E-01
1.94000000E-01	4.875E-01
1.94500000E-01	4.879E-01
1.95000000E-01	4.883E-01
1.95500000E-01	4.887E-01
1.96000000E-01	4.891E-01
1.96500000E-01	4.895E-01
1.97000000E-01	4.900E-01
1.97500000E-01	4.902E-01
1.98000000E-01	4.906E-01
1.98500000E-01	4.910E-01
1.99000000E-01	4.914E-01
1.99500000E-01	4.918E-01
2.00000000E-01	4.922E-01
2.00500000E-01	4.924E-01
2.01000000E-01	4.926E-01
2.01500000E-01	4.930E-01
2.02000000E-01	4.934E-01
2.02500000E-01	4.936E-01
2.03000000E-01	4.937E-01
2.03500000E-01	4.941E-01
2.04000000E-01	4.943E-01
2.04500000E-01	4.947E-01
2.05000000E-01	4.949E-01
2.05500000E-01	4.951E-01
2.06000000E-01	4.953E-01
2.06500000E-01	4.955E-01
2.07000000E-01	4.959E-01
2.07500000E-01	4.959E-01
2.08000000E-01	4.961E-01
2.08500000E-01	4.965E-01
2.09000000E-01	4.967E-01
2.09500000E-01	4.967E-01
2.10000000E-01	4.971E-01
2.10500000E-01	4.971E-01
2.11000000E-01	4.973E-01
2.11500000E-01	4.975E-01
2.12000000E-01	4.977E-01
2.12500000E-01	4.977E-01
2.13000000E-01	4.979E-01
2.13500000E-01	4.980E-01
2.14000000E-01	4.982E-01
2.14500000E-01	4.982E-01
2.15000000E-01	4.984E-01
2.15500000E-01	4.984E-01
2.16000000E-01	4.986E-01
2.16500000E-01	4.988E-01
2.17000000E-01	4.988E-01
2.17500000E-01	4.990E-01
2.18000000E-01	4.990E-01
2.18500000E-01	4.992E-01
2.19000000E-01	4.992E-01
2.19500000E-01	4.994E-01
2.20000000E-01	4.994E-01
2.20500000E-01	4.996E-01
2.21000000E-01	4.998E-01
2.21500000E-01	4.998E-01
2.22000000E-01	4.998E-01
2.22500000E-01	5.000E-01
2.23000000E-01	5.000E-01
2.23500000E-01	5.002E-01
2.24000000E-01	5.002E-01
2.24500000E-01	5.002E-01
2.25000000E-01	5.004E-01
2.25500000E-01	5.004E-01
2.26000000E-01	5.004E-01
2.26500000E-01	5.006E-01
2.27000000E-01	5.006E-01
2.27500000E-01	5.006E-01
2.28000000E-01	5.008E-01
2.28500000E-01	5.008E-01
2.29000000E-01	5.008E-01
2.29500000E-01	5.008E-01
2.30000000E-01	5.006E-01
2.30500000E-01	5.006E-01
2.31000000E-01	5.006E-01
2.31500000E-01	5.006E-01
2.32000000E-01	5.004E-01
2.32500000E-01	5.004E-01
2.33000000E-01	5.004E-01
2.33500000E-01	5.002E-01
2.34000000E-01	5.002E-01
2.34500000E-01	5.000E-01
2.35000000E-01	5.000E-01
2.35500000E-01	5.000E-01
2.36000000E-01	4.998E-01
2.36500000E-01	4.998E-01
2.37000000E-01	4.998E-01
2.37500000E-01	4.996E-01
2.38000000E-01	4.994E-01
2.38500000E-01	4.994E-01
2.39000000E-01	4.994E-01
2.39500000E-01	4.992E-01
2.40000000E-01	4.992E-01
2.40500000E-01	4.990E-01
2.41000000E-01	4.990E-01
2.41500000E-01	4.988E-01
2.42000000E-01	4.986E-01
2.42500000E-01	4.986E-01
2.43000000E-01	4.984E-01
2.43500000E-01	4.982E-01
2.44000000E-01	4.982E-01
2.44500000E-01	4.980E-01
2.45000000E-01	4.979E-01
2.45500000E-01	4.979E-01
2.46000000E-01	4.977E-01
2.46500000E-01	4.975E-01
2.47000000E-01	4.973E-01
2.47500000E-01	4.971E-01
2.48000000E-01	4.971E-01
2.48500000E-01	4.969E-01
2.49000000E-01	4.967E-01
2.49500000E-01	4.965E-01

