x-axis	ch2
-2.50000000E-01	2.160E-02
-2.49500000E-01	2.158E-02
-2.49000000E-01	2.158E-02
-2.48500000E-01	2.157E-02
-2.48000000E-01	2.159E-02
-2.47500000E-01	2.157E-02
-2.47000000E-01	2.160E-02
-2.46500000E-01	2.159E-02
-2.46000000E-01	2.158E-02
-2.45500000E-01	2.158E-02
-2.45000000E-01	2.160E-02
-2.44500000E-01	2.157E-02
-2.44000000E-01	2.159E-02
-2.43500000E-01	2.156E-02
-2.43000000E-01	2.158E-02
-2.42500000E-01	2.159E-02
-2.42000000E-01	2.158E-02
-2.41500000E-01	2.157E-02
-2.41000000E-01	2.157E-02
-2.40500000E-01	2.157E-02
-2.40000000E-01	2.155E-02
-2.39500000E-01	2.156E-02
-2.39000000E-01	2.156E-02
-2.38500000E-01	2.157E-02
-2.38000000E-01	2.157E-02
-2.37500000E-01	2.156E-02
-2.37000000E-01	2.156E-02
-2.36500000E-01	2.154E-02
-2.36000000E-01	2.155E-02
-2.35500000E-01	2.154E-02
-2.35000000E-01	2.155E-02
-2.34500000E-01	2.155E-02
-2.34000000E-01	2.157E-02
-2.33500000E-01	2.155E-02
-2.33000000E-01	2.156E-02
-2.32500000E-01	2.156E-02
-2.32000000E-01	2.154E-02
-2.31500000E-01	2.156E-02
-2.31000000E-01	2.152E-02
-2.30500000E-01	2.155E-02
-2.30000000E-01	2.153E-02
-2.29500000E-01	2.153E-02
-2.29000000E-01	2.152E-02
-2.28500000E-01	2.154E-02
-2.28000000E-01	2.151E-02
-2.27500000E-01	2.154E-02
-2.27000000E-01	2.151E-02
-2.26500000E-01	2.150E-02
-2.26000000E-01	2.151E-02
-2.25500000E-01	2.151E-02
-2.25000000E-01	2.153E-02
-2.24500000E-01	2.151E-02
-2.24000000E-01	2.152E-02
-2.23500000E-01	2.150E-02
-2.23000000E-01	2.150E-02
-2.22500000E-01	2.148E-02
-2.22000000E-01	2.149E-02
-2.21500000E-01	2.150E-02
-2.21000000E-01	2.147E-02
-2.20500000E-01	2.150E-02
-2.20000000E-01	2.148E-02
-2.19500000E-01	2.150E-02
-2.19000000E-01	2.147E-02
-2.18500000E-01	2.148E-02
-2.18000000E-01	2.146E-02
-2.17500000E-01	2.144E-02
-2.17000000E-01	2.146E-02
-2.16500000E-01	2.145E-02
-2.16000000E-01	2.146E-02
-2.15500000E-01	2.144E-02
-2.15000000E-01	2.147E-02
-2.14500000E-01	2.145E-02
-2.14000000E-01	2.147E-02
-2.13500000E-01	2.145E-02
-2.13000000E-01	2.146E-02
-2.12500000E-01	2.144E-02
-2.12000000E-01	2.145E-02
-2.11500000E-01	2.144E-02
-2.11000000E-01	2.143E-02
-2.10500000E-01	2.144E-02
-2.10000000E-01	2.143E-02
-2.09500000E-01	2.144E-02
-2.09000000E-01	2.143E-02
-2.08500000E-01	2.141E-02
-2.08000000E-01	2.141E-02
-2.07500000E-01	2.141E-02
-2.07000000E-01	2.139E-02
-2.06500000E-01	2.141E-02
-2.06000000E-01	2.139E-02
-2.05500000E-01	2.139E-02
-2.05000000E-01	2.139E-02
-2.04500000E-01	2.138E-02
-2.04000000E-01	2.138E-02
-2.03500000E-01	2.135E-02
-2.03000000E-01	2.137E-02
-2.02500000E-01	2.136E-02
-2.02000000E-01	2.134E-02
-2.01500000E-01	2.136E-02
-2.01000000E-01	2.134E-02
-2.00500000E-01	2.135E-02
-2.00000000E-01	2.134E-02
-1.99500000E-01	2.134E-02
-1.99000000E-01	2.131E-02
-1.98500000E-01	2.134E-02
-1.98000000E-01	2.132E-02
-1.97500000E-01	2.130E-02
-1.97000000E-01	2.132E-02
-1.96500000E-01	2.132E-02
-1.96000000E-01	2.131E-02
-1.95500000E-01	2.130E-02
-1.95000000E-01	2.130E-02
-1.94500000E-01	2.128E-02
-1.94000000E-01	2.127E-02
-1.93500000E-01	2.127E-02
-1.93000000E-01	2.127E-02
-1.92500000E-01	2.128E-02
-1.92000000E-01	2.126E-02
-1.91500000E-01	2.126E-02
-1.91000000E-01	2.124E-02
-1.90500000E-01	2.123E-02
-1.90000000E-01	2.123E-02
-1.89500000E-01	2.122E-02
-1.89000000E-01	2.120E-02
-1.88500000E-01	2.121E-02
-1.88000000E-01	2.119E-02
-1.87500000E-01	2.118E-02
-1.87000000E-01	2.119E-02
-1.86500000E-01	2.117E-02
-1.86000000E-01	2.116E-02
-1.85500000E-01	2.114E-02
-1.85000000E-01	2.114E-02
-1.84500000E-01	2.115E-02
-1.84000000E-01	2.115E-02
-1.83500000E-01	2.111E-02
-1.83000000E-01	2.111E-02
-1.82500000E-01	2.112E-02
-1.82000000E-01	2.110E-02
-1.81500000E-01	2.109E-02
-1.81000000E-01	2.107E-02
-1.80500000E-01	2.107E-02
-1.80000000E-01	2.108E-02
-1.79500000E-01	2.106E-02
-1.79000000E-01	2.104E-02
-1.78500000E-01	2.102E-02
-1.78000000E-01	2.102E-02
-1.77500000E-01	2.101E-02
-1.77000000E-01	2.100E-02
-1.76500000E-01	2.097E-02
-1.76000000E-01	2.100E-02
-1.75500000E-01	2.096E-02
-1.75000000E-01	2.097E-02
-1.74500000E-01	2.096E-02
-1.74000000E-01	2.092E-02
-1.73500000E-01	2.093E-02
-1.73000000E-01	2.092E-02
-1.72500000E-01	2.092E-02
-1.72000000E-01	2.088E-02
-1.71500000E-01	2.088E-02
-1.71000000E-01	2.089E-02
-1.70500000E-01	2.087E-02
-1.70000000E-01	2.086E-02
-1.69500000E-01	2.084E-02
-1.69000000E-01	2.083E-02
-1.68500000E-01	2.083E-02
-1.68000000E-01	2.081E-02
-1.67500000E-01	2.078E-02
-1.67000000E-01	2.079E-02
-1.66500000E-01	2.078E-02
-1.66000000E-01	2.078E-02
-1.65500000E-01	2.076E-02
-1.65000000E-01	2.075E-02
-1.64500000E-01	2.073E-02
-1.64000000E-01	2.071E-02
-1.63500000E-01	2.068E-02
-1.63000000E-01	2.067E-02
-1.62500000E-01	2.065E-02
-1.62000000E-01	2.067E-02
-1.61500000E-01	2.064E-02
-1.61000000E-01	2.061E-02
-1.60500000E-01	2.062E-02
-1.60000000E-01	2.059E-02
-1.59500000E-01	2.058E-02
-1.59000000E-01	2.057E-02
-1.58500000E-01	2.053E-02
-1.58000000E-01	2.053E-02
-1.57500000E-01	2.052E-02
-1.57000000E-01	2.051E-02
-1.56500000E-01	2.049E-02
-1.56000000E-01	2.048E-02
-1.55500000E-01	2.046E-02
-1.55000000E-01	2.046E-02
-1.54500000E-01	2.044E-02
-1.54000000E-01	2.039E-02
-1.53500000E-01	2.040E-02
-1.53000000E-01	2.036E-02
-1.52500000E-01	2.036E-02
-1.52000000E-01	2.034E-02
-1.51500000E-01	2.033E-02
-1.51000000E-01	2.030E-02
-1.50500000E-01	2.028E-02
-1.50000000E-01	2.027E-02
-1.49500000E-01	2.024E-02
-1.49000000E-01	2.021E-02
-1.48500000E-01	2.021E-02
-1.48000000E-01	2.020E-02
-1.47500000E-01	2.017E-02
-1.47000000E-01	2.016E-02
-1.46500000E-01	2.013E-02
-1.46000000E-01	2.011E-02
-1.45500000E-01	2.010E-02
-1.45000000E-01	2.008E-02
-1.44500000E-01	2.005E-02
-1.44000000E-01	2.003E-02
-1.43500000E-01	2.005E-02
-1.43000000E-01	1.999E-02
-1.42500000E-01	1.999E-02
-1.42000000E-01	1.998E-02
-1.41500000E-01	1.996E-02
-1.41000000E-01	1.991E-02
-1.40500000E-01	1.990E-02
-1.40000000E-01	1.987E-02
-1.39500000E-01	1.988E-02
-1.39000000E-01	1.985E-02
-1.38500000E-01	1.981E-02
-1.38000000E-01	1.982E-02
-1.37500000E-01	1.977E-02
-1.37000000E-01	1.975E-02
-1.36500000E-01	1.974E-02
-1.36000000E-01	1.970E-02
-1.35500000E-01	1.968E-02
-1.35000000E-01	1.967E-02
-1.34500000E-01	1.966E-02
-1.34000000E-01	1.963E-02
-1.33500000E-01	1.961E-02
-1.33000000E-01	1.959E-02
-1.32500000E-01	1.957E-02
-1.32000000E-01	1.955E-02
-1.31500000E-01	1.949E-02
-1.31000000E-01	1.947E-02
-1.30500000E-01	1.944E-02
-1.30000000E-01	1.943E-02
-1.29500000E-01	1.941E-02
-1.29000000E-01	1.939E-02
-1.28500000E-01	1.937E-02
-1.28000000E-01	1.933E-02
-1.27500000E-01	1.930E-02
-1.27000000E-01	1.928E-02
-1.26500000E-01	1.926E-02
-1.26000000E-01	1.926E-02
-1.25500000E-01	1.922E-02
-1.25000000E-01	1.919E-02
-1.24500000E-01	1.919E-02
-1.24000000E-01	1.915E-02
-1.23500000E-01	1.912E-02
-1.23000000E-01	1.910E-02
-1.22500000E-01	1.908E-02
-1.22000000E-01	1.904E-02
-1.21500000E-01	1.902E-02
-1.21000000E-01	1.900E-02
-1.20500000E-01	1.897E-02
-1.20000000E-01	1.896E-02
-1.19500000E-01	1.893E-02
-1.19000000E-01	1.891E-02
-1.18500000E-01	1.890E-02
-1.18000000E-01	1.884E-02
-1.17500000E-01	1.884E-02
-1.17000000E-01	1.881E-02
-1.16500000E-01	1.880E-02
-1.16000000E-01	1.876E-02
-1.15500000E-01	1.875E-02
-1.15000000E-01	1.872E-02
-1.14500000E-01	1.870E-02
-1.14000000E-01	1.868E-02
-1.13500000E-01	1.865E-02
-1.13000000E-01	1.859E-02
-1.12500000E-01	1.859E-02
-1.12000000E-01	1.858E-02
-1.11500000E-01	1.855E-02
-1.11000000E-01	1.853E-02
-1.10500000E-01	1.850E-02
-1.10000000E-01	1.849E-02
-1.09500000E-01	1.844E-02
-1.09000000E-01	1.843E-02
-1.08500000E-01	1.840E-02
-1.08000000E-01	1.838E-02
-1.07500000E-01	1.837E-02
-1.07000000E-01	1.836E-02
-1.06500000E-01	1.833E-02
-1.06000000E-01	1.830E-02
-1.05500000E-01	1.828E-02
-1.05000000E-01	1.827E-02
-1.04500000E-01	1.824E-02
-1.04000000E-01	1.820E-02
-1.03500000E-01	1.818E-02
-1.03000000E-01	1.816E-02
-1.02500000E-01	1.814E-02
-1.02000000E-01	1.812E-02
-1.01500000E-01	1.812E-02
-1.01000000E-01	1.808E-02
-1.00500000E-01	1.806E-02
-1.00000000E-01	1.804E-02
-9.95000000E-02	1.801E-02
-9.90000000E-02	1.798E-02
-9.85000000E-02	1.796E-02
-9.80000000E-02	1.795E-02
-9.75000000E-02	1.793E-02
-9.70000000E-02	1.793E-02
-9.65000000E-02	1.789E-02
-9.60000000E-02	1.788E-02
-9.55000000E-02	1.782E-02
-9.50000000E-02	1.783E-02
-9.45000000E-02	1.780E-02
-9.40000000E-02	1.778E-02
-9.35000000E-02	1.776E-02
-9.30000000E-02	1.774E-02
-9.25000000E-02	1.773E-02
-9.20000000E-02	1.772E-02
-9.15000000E-02	1.767E-02
-9.10000000E-02	1.768E-02
-9.05000000E-02	1.764E-02
-9.00000000E-02	1.764E-02
-8.95000000E-02	1.760E-02
-8.90000000E-02	1.759E-02
-8.85000000E-02	1.758E-02
-8.80000000E-02	1.757E-02
-8.75000000E-02	1.756E-02
-8.70000000E-02	1.754E-02
-8.65000000E-02	1.749E-02
-8.60000000E-02	1.746E-02
-8.55000000E-02	1.747E-02
-8.50000000E-02	1.746E-02
-8.45000000E-02	1.743E-02
-8.40000000E-02	1.743E-02
-8.35000000E-02	1.741E-02
-8.30000000E-02	1.740E-02
-8.25000000E-02	1.737E-02
-8.20000000E-02	1.735E-02
-8.15000000E-02	1.734E-02
-8.10000000E-02	1.732E-02
-8.05000000E-02	1.730E-02
-8.00000000E-02	1.730E-02
-7.95000000E-02	1.726E-02
-7.90000000E-02	1.726E-02
-7.85000000E-02	1.726E-02
-7.80000000E-02	1.724E-02
-7.75000000E-02	1.722E-02
-7.70000000E-02	1.720E-02
-7.65000000E-02	1.718E-02
-7.60000000E-02	1.719E-02
-7.55000000E-02	1.716E-02
-7.50000000E-02	1.716E-02
-7.45000000E-02	1.716E-02
-7.40000000E-02	1.711E-02
-7.35000000E-02	1.710E-02
-7.30000000E-02	1.707E-02
-7.25000000E-02	1.706E-02
-7.20000000E-02	1.707E-02
-7.15000000E-02	1.703E-02
-7.10000000E-02	1.705E-02
-7.05000000E-02	1.703E-02
-7.00000000E-02	1.703E-02
-6.95000000E-02	1.702E-02
-6.90000000E-02	1.698E-02
-6.85000000E-02	1.699E-02
-6.80000000E-02	1.697E-02
-6.75000000E-02	1.695E-02
-6.70000000E-02	1.696E-02
-6.65000000E-02	1.694E-02
-6.60000000E-02	1.694E-02
-6.55000000E-02	1.692E-02
-6.50000000E-02	1.693E-02
-6.45000000E-02	1.692E-02
-6.40000000E-02	1.689E-02
-6.35000000E-02	1.688E-02
-6.30000000E-02	1.688E-02
-6.25000000E-02	1.686E-02
-6.20000000E-02	1.686E-02
-6.15000000E-02	1.685E-02
-6.10000000E-02	1.685E-02
-6.05000000E-02	1.683E-02
-6.00000000E-02	1.682E-02
-5.95000000E-02	1.682E-02
-5.90000000E-02	1.681E-02
-5.85000000E-02	1.678E-02
-5.80000000E-02	1.678E-02
-5.75000000E-02	1.680E-02
-5.70000000E-02	1.679E-02
-5.65000000E-02	1.677E-02
-5.60000000E-02	1.676E-02
-5.55000000E-02	1.676E-02
-5.50000000E-02	1.676E-02
-5.45000000E-02	1.675E-02
-5.40000000E-02	1.672E-02
-5.35000000E-02	1.672E-02
-5.30000000E-02	1.674E-02
-5.25000000E-02	1.672E-02
-5.20000000E-02	1.672E-02
-5.15000000E-02	1.671E-02
-5.10000000E-02	1.671E-02
-5.05000000E-02	1.668E-02
-5.00000000E-02	1.668E-02
-4.95000000E-02	1.667E-02
-4.90000000E-02	1.668E-02
-4.85000000E-02	1.668E-02
-4.80000000E-02	1.667E-02
-4.75000000E-02	1.667E-02
-4.70000000E-02	1.668E-02
-4.65000000E-02	1.667E-02
-4.60000000E-02	1.665E-02
-4.55000000E-02	1.664E-02
-4.50000000E-02	1.663E-02
-4.45000000E-02	1.662E-02
-4.40000000E-02	1.663E-02
-4.35000000E-02	1.663E-02
-4.30000000E-02	1.663E-02
-4.25000000E-02	1.662E-02
-4.20000000E-02	1.664E-02
-4.15000000E-02	1.660E-02
-4.10000000E-02	1.658E-02
-4.05000000E-02	1.659E-02
-4.00000000E-02	1.660E-02
-3.95000000E-02	1.659E-02
-3.90000000E-02	1.659E-02
-3.85000000E-02	1.660E-02
-3.80000000E-02	1.658E-02
-3.75000000E-02	1.659E-02
-3.70000000E-02	1.659E-02
-3.65000000E-02	1.658E-02
-3.60000000E-02	1.656E-02
-3.55000000E-02	1.656E-02
-3.50000000E-02	1.658E-02
-3.45000000E-02	1.656E-02
-3.40000000E-02	1.658E-02
-3.35000000E-02	1.656E-02
-3.30000000E-02	1.656E-02
-3.25000000E-02	1.655E-02
-3.20000000E-02	1.655E-02
-3.15000000E-02	1.653E-02
-3.10000000E-02	1.654E-02
-3.05000000E-02	1.655E-02
-3.00000000E-02	1.655E-02
-2.95000000E-02	1.656E-02
-2.90000000E-02	1.654E-02
-2.85000000E-02	1.653E-02
-2.80000000E-02	1.652E-02
-2.75000000E-02	1.654E-02
-2.70000000E-02	1.651E-02
-2.65000000E-02	1.655E-02
-2.60000000E-02	1.652E-02
-2.55000000E-02	1.653E-02
-2.50000000E-02	1.655E-02
-2.45000000E-02	1.651E-02
-2.40000000E-02	1.654E-02
-2.35000000E-02	1.653E-02
-2.30000000E-02	1.653E-02
-2.25000000E-02	1.652E-02
-2.20000000E-02	1.653E-02
-2.15000000E-02	1.653E-02
-2.10000000E-02	1.653E-02
-2.05000000E-02	1.654E-02
-2.00000000E-02	1.655E-02
-1.95000000E-02	1.654E-02
-1.90000000E-02	1.653E-02
-1.85000000E-02	1.655E-02
-1.80000000E-02	1.654E-02
-1.75000000E-02	1.653E-02
-1.70000000E-02	1.652E-02
-1.65000000E-02	1.655E-02
-1.60000000E-02	1.654E-02
-1.55000000E-02	1.655E-02
-1.50000000E-02	1.656E-02
-1.45000000E-02	1.655E-02
-1.40000000E-02	1.654E-02
-1.35000000E-02	1.652E-02
-1.30000000E-02	1.652E-02
-1.25000000E-02	1.653E-02
-1.20000000E-02	1.653E-02
-1.15000000E-02	1.651E-02
-1.10000000E-02	1.654E-02
-1.05000000E-02	1.651E-02
-1.00000000E-02	1.652E-02
-9.50000000E-03	1.651E-02
-9.00000000E-03	1.649E-02
-8.50000000E-03	1.649E-02
-8.00000000E-03	1.651E-02
-7.50000000E-03	1.651E-02
-7.00000000E-03	1.650E-02
-6.50000000E-03	1.653E-02
-6.00000000E-03	1.652E-02
-5.50000000E-03	1.648E-02
-5.00000000E-03	1.651E-02
-4.50000000E-03	1.650E-02
-4.00000000E-03	1.651E-02
-3.50000000E-03	1.650E-02
-3.00000000E-03	1.653E-02
-2.50000000E-03	1.651E-02
-2.00000000E-03	1.653E-02
-1.50000000E-03	1.652E-02
-1.00000000E-03	1.653E-02
-5.00000000E-04	1.651E-02
5.20417043E-18	1.650E-02
5.00000000E-04	1.652E-02
1.00000000E-03	1.652E-02
1.50000000E-03	1.652E-02
2.00000000E-03	1.652E-02
2.50000000E-03	1.655E-02
3.00000000E-03	1.654E-02
3.50000000E-03	1.656E-02
4.00000000E-03	1.653E-02
4.50000000E-03	1.652E-02
5.00000000E-03	1.652E-02
5.50000000E-03	1.654E-02
6.00000000E-03	1.654E-02
6.50000000E-03	1.654E-02
7.00000000E-03	1.654E-02
7.50000000E-03	1.652E-02
8.00000000E-03	1.653E-02
8.50000000E-03	1.652E-02
9.00000000E-03	1.652E-02
9.50000000E-03	1.652E-02
1.00000000E-02	1.652E-02
1.05000000E-02	1.653E-02
1.10000000E-02	1.652E-02
1.15000000E-02	1.652E-02
1.20000000E-02	1.652E-02
1.25000000E-02	1.651E-02
1.30000000E-02	1.648E-02
1.35000000E-02	1.650E-02
1.40000000E-02	1.649E-02
1.45000000E-02	1.649E-02
1.50000000E-02	1.654E-02
1.55000000E-02	1.651E-02
1.60000000E-02	1.653E-02
1.65000000E-02	1.651E-02
1.70000000E-02	1.653E-02
1.75000000E-02	1.651E-02
1.80000000E-02	1.651E-02
1.85000000E-02	1.651E-02
1.90000000E-02	1.653E-02
1.95000000E-02	1.651E-02
2.00000000E-02	1.652E-02
2.05000000E-02	1.652E-02
2.10000000E-02	1.652E-02
2.15000000E-02	1.652E-02
2.20000000E-02	1.651E-02
2.25000000E-02	1.652E-02
2.30000000E-02	1.652E-02
2.35000000E-02	1.652E-02
2.40000000E-02	1.652E-02
2.45000000E-02	1.653E-02
2.50000000E-02	1.656E-02
2.55000000E-02	1.655E-02
2.60000000E-02	1.657E-02
2.65000000E-02	1.654E-02
2.70000000E-02	1.657E-02
2.75000000E-02	1.655E-02
2.80000000E-02	1.657E-02
2.85000000E-02	1.655E-02
2.90000000E-02	1.655E-02
2.95000000E-02	1.655E-02
3.00000000E-02	1.656E-02
3.05000000E-02	1.655E-02
3.10000000E-02	1.654E-02
3.15000000E-02	1.655E-02
3.20000000E-02	1.654E-02
3.25000000E-02	1.655E-02
3.30000000E-02	1.654E-02
3.35000000E-02	1.652E-02
3.40000000E-02	1.654E-02
3.45000000E-02	1.652E-02
3.50000000E-02	1.655E-02
3.55000000E-02	1.652E-02
3.60000000E-02	1.654E-02
3.65000000E-02	1.651E-02
3.70000000E-02	1.651E-02
3.75000000E-02	1.653E-02
3.80000000E-02	1.654E-02
3.85000000E-02	1.653E-02
3.90000000E-02	1.653E-02
3.95000000E-02	1.653E-02
4.00000000E-02	1.653E-02
4.05000000E-02	1.654E-02
4.10000000E-02	1.653E-02
4.15000000E-02	1.654E-02
4.20000000E-02	1.654E-02
4.25000000E-02	1.654E-02
4.30000000E-02	1.655E-02
4.35000000E-02	1.657E-02
4.40000000E-02	1.658E-02
4.45000000E-02	1.656E-02
4.50000000E-02	1.658E-02
4.55000000E-02	1.656E-02
4.60000000E-02	1.660E-02
4.65000000E-02	1.660E-02
4.70000000E-02	1.662E-02
4.75000000E-02	1.663E-02
4.80000000E-02	1.662E-02
4.85000000E-02	1.663E-02
4.90000000E-02	1.662E-02
4.95000000E-02	1.664E-02
5.00000000E-02	1.661E-02
5.05000000E-02	1.663E-02
5.10000000E-02	1.661E-02
5.15000000E-02	1.661E-02
5.20000000E-02	1.660E-02
5.25000000E-02	1.661E-02
5.30000000E-02	1.661E-02
5.35000000E-02	1.658E-02
5.40000000E-02	1.658E-02
5.45000000E-02	1.656E-02
5.50000000E-02	1.657E-02
5.55000000E-02	1.656E-02
5.60000000E-02	1.658E-02
5.65000000E-02	1.657E-02
5.70000000E-02	1.659E-02
5.75000000E-02	1.656E-02
5.80000000E-02	1.658E-02
5.85000000E-02	1.657E-02
5.90000000E-02	1.657E-02
5.95000000E-02	1.658E-02
6.00000000E-02	1.656E-02
6.05000000E-02	1.657E-02
6.10000000E-02	1.659E-02
6.15000000E-02	1.661E-02
6.20000000E-02	1.658E-02
6.25000000E-02	1.659E-02
6.30000000E-02	1.657E-02
6.35000000E-02	1.659E-02
6.40000000E-02	1.660E-02
6.45000000E-02	1.660E-02
6.50000000E-02	1.661E-02
6.55000000E-02	1.662E-02
6.60000000E-02	1.664E-02
6.65000000E-02	1.665E-02
6.70000000E-02	1.664E-02
6.75000000E-02	1.665E-02
6.80000000E-02	1.664E-02
6.85000000E-02	1.666E-02
6.90000000E-02	1.667E-02
6.95000000E-02	1.668E-02
7.00000000E-02	1.670E-02
7.05000000E-02	1.671E-02
7.10000000E-02	1.674E-02
7.15000000E-02	1.672E-02
7.20000000E-02	1.675E-02
7.25000000E-02	1.674E-02
7.30000000E-02	1.675E-02
7.35000000E-02	1.676E-02
7.40000000E-02	1.676E-02
7.45000000E-02	1.675E-02
7.50000000E-02	1.676E-02
7.55000000E-02	1.676E-02
7.60000000E-02	1.675E-02
7.65000000E-02	1.676E-02
7.70000000E-02	1.672E-02
7.75000000E-02	1.676E-02
7.80000000E-02	1.675E-02
7.85000000E-02	1.675E-02
7.90000000E-02	1.674E-02
7.95000000E-02	1.676E-02
8.00000000E-02	1.672E-02
8.05000000E-02	1.676E-02
8.10000000E-02	1.675E-02
8.15000000E-02	1.674E-02
8.20000000E-02	1.675E-02
8.25000000E-02	1.676E-02
8.30000000E-02	1.678E-02
8.35000000E-02	1.676E-02
8.40000000E-02	1.677E-02
8.45000000E-02	1.678E-02
8.50000000E-02	1.679E-02
8.55000000E-02	1.680E-02
8.60000000E-02	1.677E-02
8.65000000E-02	1.679E-02
8.70000000E-02	1.680E-02
8.75000000E-02	1.681E-02
8.80000000E-02	1.682E-02
8.85000000E-02	1.682E-02
8.90000000E-02	1.684E-02
8.95000000E-02	1.684E-02
9.00000000E-02	1.686E-02
9.05000000E-02	1.686E-02
9.10000000E-02	1.685E-02
9.15000000E-02	1.687E-02
9.20000000E-02	1.687E-02
9.25000000E-02	1.688E-02
9.30000000E-02	1.692E-02
9.35000000E-02	1.689E-02
9.40000000E-02	1.694E-02
9.45000000E-02	1.693E-02
9.50000000E-02	1.695E-02
9.55000000E-02	1.694E-02
9.60000000E-02	1.697E-02
9.65000000E-02	1.699E-02
9.70000000E-02	1.699E-02
9.75000000E-02	1.702E-02
9.80000000E-02	1.702E-02
9.85000000E-02	1.704E-02
9.90000000E-02	1.705E-02
9.95000000E-02	1.705E-02
1.00000000E-01	1.704E-02
1.00500000E-01	1.708E-02
1.01000000E-01	1.709E-02
1.01500000E-01	1.710E-02
1.02000000E-01	1.713E-02
1.02500000E-01	1.713E-02
1.03000000E-01	1.716E-02
1.03500000E-01	1.717E-02
1.04000000E-01	1.717E-02
1.04500000E-01	1.718E-02
1.05000000E-01	1.722E-02
1.05500000E-01	1.721E-02
1.06000000E-01	1.723E-02
1.06500000E-01	1.727E-02
1.07000000E-01	1.729E-02
1.07500000E-01	1.726E-02
1.08000000E-01	1.730E-02
1.08500000E-01	1.730E-02
1.09000000E-01	1.732E-02
1.09500000E-01	1.735E-02
1.10000000E-01	1.737E-02
1.10500000E-01	1.740E-02
1.11000000E-01	1.743E-02
1.11500000E-01	1.743E-02
1.12000000E-01	1.745E-02
1.12500000E-01	1.747E-02
1.13000000E-01	1.750E-02
1.13500000E-01	1.747E-02
1.14000000E-01	1.753E-02
1.14500000E-01	1.754E-02
1.15000000E-01	1.756E-02
1.15500000E-01	1.757E-02
1.16000000E-01	1.760E-02
1.16500000E-01	1.763E-02
1.17000000E-01	1.764E-02
1.17500000E-01	1.766E-02
1.18000000E-01	1.772E-02
1.18500000E-01	1.769E-02
1.19000000E-01	1.771E-02
1.19500000E-01	1.774E-02
1.20000000E-01	1.777E-02
1.20500000E-01	1.779E-02
1.21000000E-01	1.782E-02
1.21500000E-01	1.781E-02
1.22000000E-01	1.785E-02
1.22500000E-01	1.786E-02
1.23000000E-01	1.790E-02
1.23500000E-01	1.790E-02
1.24000000E-01	1.793E-02
1.24500000E-01	1.797E-02
1.25000000E-01	1.800E-02
1.25500000E-01	1.800E-02
1.26000000E-01	1.802E-02
1.26500000E-01	1.805E-02
1.27000000E-01	1.806E-02
1.27500000E-01	1.809E-02
1.28000000E-01	1.812E-02
1.28500000E-01	1.815E-02
1.29000000E-01	1.819E-02
1.29500000E-01	1.819E-02
1.30000000E-01	1.821E-02
1.30500000E-01	1.825E-02
1.31000000E-01	1.824E-02
1.31500000E-01	1.826E-02
1.32000000E-01	1.830E-02
1.32500000E-01	1.833E-02
1.33000000E-01	1.835E-02
1.33500000E-01	1.840E-02
1.34000000E-01	1.842E-02
1.34500000E-01	1.842E-02
1.35000000E-01	1.845E-02
1.35500000E-01	1.848E-02
1.36000000E-01	1.851E-02
1.36500000E-01	1.853E-02
1.37000000E-01	1.857E-02
1.37500000E-01	1.859E-02
1.38000000E-01	1.860E-02
1.38500000E-01	1.863E-02
1.39000000E-01	1.865E-02
1.39500000E-01	1.870E-02
1.40000000E-01	1.869E-02
1.40500000E-01	1.872E-02
1.41000000E-01	1.874E-02
1.41500000E-01	1.878E-02
1.42000000E-01	1.880E-02
1.42500000E-01	1.883E-02
1.43000000E-01	1.886E-02
1.43500000E-01	1.886E-02
1.44000000E-01	1.889E-02
1.44500000E-01	1.892E-02
1.45000000E-01	1.893E-02
1.45500000E-01	1.898E-02
1.46000000E-01	1.901E-02
1.46500000E-01	1.903E-02
1.47000000E-01	1.905E-02
1.47500000E-01	1.908E-02
1.48000000E-01	1.912E-02
1.48500000E-01	1.915E-02
1.49000000E-01	1.915E-02
1.49500000E-01	1.918E-02
1.50000000E-01	1.921E-02
1.50500000E-01	1.924E-02
1.51000000E-01	1.926E-02
1.51500000E-01	1.927E-02
1.52000000E-01	1.929E-02
1.52500000E-01	1.930E-02
1.53000000E-01	1.935E-02
1.53500000E-01	1.936E-02
1.54000000E-01	1.936E-02
1.54500000E-01	1.939E-02
1.55000000E-01	1.945E-02
1.55500000E-01	1.946E-02
1.56000000E-01	1.945E-02
1.56500000E-01	1.949E-02
1.57000000E-01	1.952E-02
1.57500000E-01	1.955E-02
1.58000000E-01	1.959E-02
1.58500000E-01	1.958E-02
1.59000000E-01	1.961E-02
1.59500000E-01	1.961E-02
1.60000000E-01	1.966E-02
1.60500000E-01	1.966E-02
1.61000000E-01	1.968E-02
1.61500000E-01	1.968E-02
1.62000000E-01	1.971E-02
1.62500000E-01	1.973E-02
1.63000000E-01	1.977E-02
1.63500000E-01	1.979E-02
1.64000000E-01	1.979E-02
1.64500000E-01	1.983E-02
1.65000000E-01	1.984E-02
1.65500000E-01	1.986E-02
1.66000000E-01	1.987E-02
1.66500000E-01	1.991E-02
1.67000000E-01	1.993E-02
1.67500000E-01	1.993E-02
1.68000000E-01	1.995E-02
1.68500000E-01	1.998E-02
1.69000000E-01	1.999E-02
1.69500000E-01	1.999E-02
1.70000000E-01	2.004E-02
1.70500000E-01	2.004E-02
1.71000000E-01	2.007E-02
1.71500000E-01	2.008E-02
1.72000000E-01	2.009E-02
1.72500000E-01	2.010E-02
1.73000000E-01	2.012E-02
1.73500000E-01	2.015E-02
1.74000000E-01	2.017E-02
1.74500000E-01	2.018E-02
1.75000000E-01	2.021E-02
1.75500000E-01	2.021E-02
1.76000000E-01	2.024E-02
1.76500000E-01	2.023E-02
1.77000000E-01	2.026E-02
1.77500000E-01	2.028E-02
1.78000000E-01	2.032E-02
1.78500000E-01	2.031E-02
1.79000000E-01	2.033E-02
1.79500000E-01	2.033E-02
1.80000000E-01	2.037E-02
1.80500000E-01	2.037E-02
1.81000000E-01	2.040E-02
1.81500000E-01	2.039E-02
1.82000000E-01	2.040E-02
1.82500000E-01	2.044E-02
1.83000000E-01	2.044E-02
1.83500000E-01	2.047E-02
1.84000000E-01	2.048E-02
1.84500000E-01	2.048E-02
1.85000000E-01	2.050E-02
1.85500000E-01	2.051E-02
1.86000000E-01	2.052E-02
1.86500000E-01	2.054E-02
1.87000000E-01	2.055E-02
1.87500000E-01	2.056E-02
1.88000000E-01	2.059E-02
1.88500000E-01	2.058E-02
1.89000000E-01	2.059E-02
1.89500000E-01	2.062E-02
1.90000000E-01	2.063E-02
1.90500000E-01	2.064E-02
1.91000000E-01	2.066E-02
1.91500000E-01	2.067E-02
1.92000000E-01	2.067E-02
1.92500000E-01	2.069E-02
1.93000000E-01	2.069E-02
1.93500000E-01	2.073E-02
1.94000000E-01	2.075E-02
1.94500000E-01	2.072E-02
1.95000000E-01	2.074E-02
1.95500000E-01	2.077E-02
1.96000000E-01	2.075E-02
1.96500000E-01	2.076E-02
1.97000000E-01	2.079E-02
1.97500000E-01	2.080E-02
1.98000000E-01	2.082E-02
1.98500000E-01	2.082E-02
1.99000000E-01	2.082E-02
1.99500000E-01	2.082E-02
2.00000000E-01	2.085E-02
2.00500000E-01	2.085E-02
2.01000000E-01	2.086E-02
2.01500000E-01	2.086E-02
2.02000000E-01	2.088E-02
2.02500000E-01	2.089E-02
2.03000000E-01	2.091E-02
2.03500000E-01	2.089E-02
2.04000000E-01	2.089E-02
2.04500000E-01	2.091E-02
2.05000000E-01	2.094E-02
2.05500000E-01	2.094E-02
2.06000000E-01	2.094E-02
2.06500000E-01	2.095E-02
2.07000000E-01	2.096E-02
2.07500000E-01	2.097E-02
2.08000000E-01	2.100E-02
2.08500000E-01	2.096E-02
2.09000000E-01	2.101E-02
2.09500000E-01	2.101E-02
2.10000000E-01	2.103E-02
2.10500000E-01	2.103E-02
2.11000000E-01	2.103E-02
2.11500000E-01	2.103E-02
2.12000000E-01	2.105E-02
2.12500000E-01	2.105E-02
2.13000000E-01	2.105E-02
2.13500000E-01	2.106E-02
2.14000000E-01	2.107E-02
2.14500000E-01	2.106E-02
2.15000000E-01	2.107E-02
2.15500000E-01	2.107E-02
2.16000000E-01	2.109E-02
2.16500000E-01	2.112E-02
2.17000000E-01	2.111E-02
2.17500000E-01	2.110E-02
2.18000000E-01	2.113E-02
2.18500000E-01	2.111E-02
2.19000000E-01	2.113E-02
2.19500000E-01	2.113E-02
2.20000000E-01	2.113E-02
2.20500000E-01	2.116E-02
2.21000000E-01	2.115E-02
2.21500000E-01	2.114E-02
2.22000000E-01	2.115E-02
2.22500000E-01	2.118E-02
2.23000000E-01	2.117E-02
2.23500000E-01	2.117E-02
2.24000000E-01	2.117E-02
2.24500000E-01	2.119E-02
2.25000000E-01	2.118E-02
2.25500000E-01	2.121E-02
2.26000000E-01	2.121E-02
2.26500000E-01	2.121E-02
2.27000000E-01	2.121E-02
2.27500000E-01	2.119E-02
2.28000000E-01	2.122E-02
2.28500000E-01	2.120E-02
2.29000000E-01	2.122E-02
2.29500000E-01	2.121E-02
2.30000000E-01	2.122E-02
2.30500000E-01	2.119E-02
2.31000000E-01	2.119E-02
2.31500000E-01	2.118E-02
2.32000000E-01	2.118E-02
2.32500000E-01	2.119E-02
2.33000000E-01	2.117E-02
2.33500000E-01	2.119E-02
2.34000000E-01	2.120E-02
2.34500000E-01	2.118E-02
2.35000000E-01	2.116E-02
2.35500000E-01	2.117E-02
2.36000000E-01	2.116E-02
2.36500000E-01	2.115E-02
2.37000000E-01	2.114E-02
2.37500000E-01	2.114E-02
2.38000000E-01	2.117E-02
2.38500000E-01	2.113E-02
2.39000000E-01	2.112E-02
2.39500000E-01	2.113E-02
2.40000000E-01	2.111E-02
2.40500000E-01	2.111E-02
2.41000000E-01	2.113E-02
2.41500000E-01	2.112E-02
2.42000000E-01	2.110E-02
2.42500000E-01	2.110E-02
2.43000000E-01	2.109E-02
2.43500000E-01	2.108E-02
2.44000000E-01	2.107E-02
2.44500000E-01	2.106E-02
2.45000000E-01	2.105E-02
2.45500000E-01	2.106E-02
2.46000000E-01	2.104E-02
2.46500000E-01	2.103E-02
2.47000000E-01	2.104E-02
2.47500000E-01	2.105E-02
2.48000000E-01	2.106E-02
2.48500000E-01	2.102E-02
2.49000000E-01	2.102E-02
2.49500000E-01	2.100E-02

